26
0 3295 8340 840 11262 4479 11990 11959 4746 5681 8678 9833 1530 7877 702 7534 2012 6405 1442 3622 8972 3359 11479 2192 9416 2477
3295 0 6039 3453 8961 2178 9689 9658 2445 3380 6377 7532 4143 5576 3105 5233 2991 4104 4055 1321 6671 1766 9178 1469 7115 5090
8340 6039 0 8498 3862 4371 4590 4559 4214 3603 1278 2433 9188 2415 8150 2380 8036 2363 9100 5036 1572 6811 4079 6514 2016 10135
840 3453 8498 0 11420 4637 12148 12117 4904 5839 8836 9991 846 8035 860 7692 2170 6563 1212 3780 9130 3517 11637 2350 9574 1793
11262 8961 3862 11420 0 7293 2694 2663 7136 6525 3368 2167 12110 5337 11072 5302 10958 5285 12022 7958 2950 9733 2183 9436 1982 13057
4479 2178 4371 4637 7293 0 8021 7990 777 1712 4709 5864 5327 3908 4289 3565 4175 2436 5239 1175 5003 2950 7510 2653 5447 6274
11990 9689 4590 12148 2694 8021 0 1303 7864 7253 4096 2895 12838 6065 11800 6030 11686 6013 12750 8686 3678 10461 1269 10164 2710 13785
11959 9658 4559 12117 2663 7990 1303 0 7833 7222 4065 2864 12807 6034 11769 5999 11655 5982 12719 8655 3647 10430 1238 10133 2679 13754
4746 2445 4214 4904 7136 777 7864 7833 0 1555 4552 5707 5594 3751 4556 3408 4442 2279 5506 1442 4846 3217 7353 2920 5290 6541
5681 3380 3603 5839 6525 1712 7253 7222 1555 0 3941 5096 6529 3140 5491 2797 5377 1668 6441 2377 4235 4152 6742 3855 4679 7476
8678 6377 1278 8836 3368 4709 4096 4065 4552 3941 0 1939 9526 2753 8488 2718 8374 2701 9438 5374 1078 7149 3585 6852 1522 10473
9833 7532 2433 9991 2167 5864 2895 2864 5707 5096 1939 0 10681 3908 9643 3873 9529 3856 10593 6529 1521 8304 2384 8007 553 11628
1530 4143 9188 846 12110 5327 12838 12807 5594 6529 9526 10681 0 8725 1550 8382 2860 7253 1902 4470 9820 4207 12327 3040 10264 1053
7877 5576 2415 8035 5337 3908 6065 6034 3751 3140 2753 3908 8725 0 7687 1917 7573 1900 8637 4573 3047 6348 5554 6051 3491 9672
702 3105 8150 860 11072 4289 11800 11769 4556 5491 8488 9643 1550 7687 0 7344 1822 6215 1462 3432 8782 3169 11289 2002 9226 2497
7534 5233 2380 7692 5302 3565 6030 5999 3408 2797 2718 3873 8382 1917 7344 0 7230 1557 8294 4230 3012 6005 5519 5708 3456 9329
2012 2991 8036 2170 10958 4175 11686 11655 4442 5377 8374 9529 2860 7573 1822 7230 0 6101 2772 3318 8668 3055 11175 1888 9112 3807
6405 4104 2363 6563 5285 2436 6013 5982 2279 1668 2701 3856 7253 1900 6215 1557 6101 0 7165 3101 2995 4876 5502 4579 3439 8200
1442 4055 9100 1212 12022 5239 12750 12719 5506 6441 9438 10593 1902 8637 1462 8294 2772 7165 0 4382 9732 4119 12239 2952 10176 2849
3622 1321 5036 3780 7958 1175 8686 8655 1442 2377 5374 6529 4470 4573 3432 4230 3318 3101 4382 0 5668 2093 8175 1796 6112 5417
8972 6671 1572 9130 2950 5003 3678 3647 4846 4235 1078 1521 9820 3047 8782 3012 8668 2995 9732 5668 0 7443 3167 7146 1104 10767
3359 1766 6811 3517 9733 2950 10461 10430 3217 4152 7149 8304 4207 6348 3169 6005 3055 4876 4119 2093 7443 0 9950 1533 7887 5154
11479 9178 4079 11637 2183 7510 1269 1238 7353 6742 3585 2384 12327 5554 11289 5519 11175 5502 12239 8175 3167 9950 0 9653 2199 13274
2192 1469 6514 2350 9436 2653 10164 10133 2920 3855 6852 8007 3040 6051 2002 5708 1888 4579 2952 1796 7146 1533 9653 0 7590 3987
9416 7115 2016 9574 1982 5447 2710 2679 5290 4679 1522 553 10264 3491 9226 3456 9112 3439 10176 6112 1104 7887 2199 7590 0 11211
2477 5090 10135 1793 13057 6274 13785 13754 6541 7476 10473 11628 1053 9672 2497 9329 3807 8200 2849 5417 10767 5154 13274 3987 11211 0
