27
0
0 10391 2422 4201 7228 5541 9407 6881 5270 11478 7632 10833 12113 2634 9777 4073 1870 8743 2007 10057 1465 7086 5875 9934 6181 9637 2124
10391 0 11575 7748 3305 5068 1478 5274 6547 1859 4649 1214 2494 7869 2590 7226 9663 3086 11160 1486 10618 3865 5748 2253 5176 2058 9153
2422 11575 0 5385 8412 6725 10591 8065 6454 12662 8816 12017 13297 3818 10961 5257 3054 9927 547 11241 1083 8270 7059 11118 7365 10821 3308
4201 7748 5385 0 4585 2898 6764 4238 2627 8835 4989 8190 9470 1679 7134 1430 3473 6100 4970 7414 4428 4443 3232 7291 3538 6994 2963
7228 3305 8412 4585 0 1905 2321 2111 3384 4392 1486 3747 5027 4706 2691 4063 6500 1657 7997 2971 7455 702 2585 2848 2013 2551 5990
5541 5068 6725 2898 1905 0 4084 1558 1697 6155 2309 5510 6790 3019 4454 2376 4813 3420 6310 4734 5768 1763 898 4611 858 4314 4303
9407 1478 10591 6764 2321 4084 0 4290 5563 2565 3665 1920 3200 6885 1606 6242 8679 2102 10176 1144 9634 2881 4764 1269 4192 1074 8169
6881 5274 8065 4238 2111 1558 4290 0 3037 6361 2515 5716 6996 4359 4660 3716 6153 3626 7650 4940 7108 1969 2238 4817 1666 4520 5643
5270 6547 6454 2627 3384 1697 5563 3037 0 7634 3788 6989 8269 2748 5933 2105 4542 4899 6039 6213 5497 3242 2031 6090 2337 5793 4032
11478 1859 12662 8835 4392 6155 2565 6361 7634 0 5736 1885 1347 8956 3677 8313 10750 4173 12247 2573 11705 4952 6835 3340 6263 3145 10240
7632 4649 8816 4989 1486 2309 3665 2515 3788 5736 0 5091 6371 5110 4035 4467 6904 3001 8401 4315 7859 1344 2989 4192 2417 3895 6394
10833 1214 12017 8190 3747 5510 1920 5716 6989 1885 5091 0 2520 8311 3032 7668 10105 3528 11602 1928 11060 4307 6190 2695 5618 2500 9595
12113 2494 13297 9470 5027 6790 3200 6996 8269 1347 6371 2520 0 9591 4312 8948 11385 4808 12882 3208 12340 5587 7470 3975 6898 3780 10875
2634 7869 3818 1679 4706 3019 6885 4359 2748 8956 5110 8311 9591 0 7255 1551 1906 6221 3403 7535 2861 4564 3353 7412 3659 7115 1396
9777 2590 10961 7134 2691 4454 1606 4660 5933 3677 4035 3032 4312 7255 0 6612 9049 2472 10546 2256 10004 3251 5134 2133 4562 1836 8539
4073 7226 5257 1430 4063 2376 6242 3716 2105 8313 4467 7668 8948 1551 6612 0 3345 5578 4842 6892 4300 3921 2710 6769 3016 6472 2835
1870 9663 3054 3473 6500 4813 8679 6153 4542 10750 6904 10105 11385 1906 9049 3345 0 8015 2639 9329 2097 6358 5147 9206 5453 8909 1396
8743 3086 9927 6100 1657 3420 2102 3626 4899 4173 3001 3528 4808 6221 2472 5578 8015 0 9512 2752 8970 2217 4100 2629 3528 2332 7505
2007 11160 547 4970 7997 6310 10176 7650 6039 12247 8401 11602 12882 3403 10546 4842 2639 9512 0 10826 668 7855 6644 10703 6950 10406 2893
10057 1486 11241 7414 2971 4734 1144 4940 6213 2573 4315 1928 3208 7535 2256 6892 9329 2752 10826 0 10284 3531 5414 1919 4842 1724 8819
1465 10618 1083 4428 7455 5768 9634 7108 5497 11705 7859 11060 12340 2861 10004 4300 2097 8970 668 10284 0 7313 6102 10161 6408 9864 2351
7086 3865 8270 4443 702 1763 2881 1969 3242 4952 1344 4307 5587 4564 3251 3921 6358 2217 7855 3531 7313 0 2443 3408 1871 3111 5848
5875 5748 7059 3232 2585 898 4764 2238 2031 6835 2989 6190 7470 3353 5134 2710 5147 4100 6644 5414 6102 2443 0 5291 1538 4994 4637
9934 2253 11118 7291 2848 4611 1269 4817 6090 3340 4192 2695 3975 7412 2133 6769 9206 2629 10703 1919 10161 3408 5291 0 4719 1601 8696
6181 5176 7365 3538 2013 858 4192 1666 2337 6263 2417 5618 6898 3659 4562 3016 5453 3528 6950 4842 6408 1871 1538 4719 0 4422 4943
9637 2058 10821 6994 2551 4314 1074 4520 5793 3145 3895 2500 3780 7115 1836 6472 8909 2332 10406 1724 9864 3111 4994 1601 4422 0 8399
2124 9153 3308 2963 5990 4303 8169 5643 4032 10240 6394 9595 10875 1396 8539 2835 1396 7505 2893 8819 2351 5848 4637 8696 4943 8399 0
