25
0 1013 1028 1087 939 991 1101 1042 638 697 884 1070 1086 1075 927 843 1044 1004 693 887 1208 757 700 720 645 
1013 0 973 1198 837 865 964 663 871 755 856 889 1046 1124 836 763 671 1119 690 1218 1005 818 1055 876 867 
1028 973 0 715 1204 698 708 942 882 1097 1146 709 1196 982 725 1081 854 970 686 781 1058 975 685 667 822 
1087 1198 715 0 1200 1205 1056 1096 1020 692 1019 684 1002 730 1221 628 953 996 1136 767 1228 630 930 819 1202 
939 837 1204 1200 0 1049 631 1183 735 1247 853 1232 1023 1168 1128 859 1229 1243 1217 962 724 1213 769 904 752 
991 865 698 1205 1049 0 1158 1129 1016 801 868 807 899 858 682 925 1224 861 1015 1074 1162 764 857 815 750 
1101 964 708 1056 631 1158 0 1131 660 994 641 736 762 643 1154 1123 813 640 841 977 997 947 714 1120 1077 
1042 663 942 1096 1183 1129 1131 0 1034 1036 1048 1025 827 779 914 960 784 626 728 632 664 1022 883 976 1089 
638 871 882 1020 735 1016 660 1034 0 737 1250 1172 969 691 806 831 829 909 1139 1053 689 1001 1052 1107 1062 
697 755 1097 692 1247 801 994 1036 737 0 961 1082 911 924 824 704 780 1110 913 937 933 1008 683 923 749 
884 856 1146 1019 853 868 641 1048 1250 961 0 926 1222 1212 774 916 705 852 1093 1144 788 886 723 877 968 
1070 889 709 684 1232 807 736 1025 1172 1082 926 0 922 639 1155 681 1091 944 678 1121 919 710 688 1178 1092 
1086 1046 1196 1002 1023 899 762 827 969 911 1222 922 0 892 1240 1116 832 745 760 796 814 1177 850 719 655 
1075 1124 982 730 1168 858 643 779 691 924 1212 639 892 0 1239 713 1068 943 833 901 770 1234 1164 642 987 
927 836 725 1221 1128 682 1154 914 806 824 774 1155 1240 1239 0 1007 894 706 931 795 717 839 744 776 1242 
843 763 1081 628 859 925 1123 960 831 704 916 681 1116 713 1007 0 739 1039 703 1201 1041 956 650 747 1134 
1044 671 854 953 1229 1224 813 784 829 780 705 1091 832 1068 894 739 0 718 1071 834 948 988 918 647 740 
1004 1119 970 996 1243 861 640 626 909 1110 852 944 745 943 706 1039 718 0 798 1137 794 722 1073 666 946 
693 690 686 1136 1217 1015 841 728 1139 913 1093 678 760 833 931 703 1071 798 0 1249 1219 932 1153 1171 1156 
887 1218 781 767 962 1074 977 632 1053 937 1144 1121 796 901 795 1201 834 1137 1249 0 851 1067 733 873 864 
1208 1005 1058 1228 724 1162 997 664 689 933 788 919 814 770 717 1041 948 794 1219 851 0 1176 950 809 791 
757 818 975 630 1213 764 947 1022 1001 1008 886 710 1177 1234 839 956 988 722 932 1067 1176 0 1040 1105 895 
700 1055 685 930 769 857 714 883 1052 683 723 688 850 1164 744 650 918 1073 1153 733 950 1040 0 1098 949 
720 876 667 819 904 815 1120 976 1107 923 877 1178 719 642 776 747 647 666 1171 873 809 1105 1098 0 644 
645 867 822 1202 752 750 1077 1089 1062 749 968 1092 655 987 1242 1134 740 946 1156 864 791 895 949 644 0 
