32
0 1947 1572 1950 1582 1467 1086 2006 1064 1310 1542 1271 1988 1669 1823 1890 1780 1866 1206 1254 1585 1900 1800 1535 1345 1328 1644 1078 1908 1632 1893 1652 
1947 0 1639 1686 1041 2034 1587 1233 1153 1032 1892 1141 1395 1733 1221 1674 1515 1253 1991 1503 1968 1889 1492 1369 1240 1508 1611 1894 1083 1848 1383 1073 
1572 1639 0 1703 1182 1168 1491 1734 1741 1548 1531 1884 1777 1259 1765 1157 1409 1201 1816 1449 1403 1616 1379 1425 1373 1617 1525 1375 1581 1879 1471 1846 
1950 1686 1703 0 1603 1432 1246 1698 2004 1134 1995 1081 1223 1565 1840 1237 1348 1423 1759 1922 2007 1934 1197 1315 1430 1948 1599 1961 1690 1805 1121 1660 
1582 1041 1182 1603 0 1784 1458 1301 1384 1331 1251 1517 1750 1124 1311 1101 1718 1334 1033 1554 1230 1985 1371 1263 1888 2003 1236 1564 1502 1867 1386 1863 
1467 2034 1168 1432 1784 0 1473 1120 1861 1438 1904 1794 1167 1075 1659 2008 1761 1621 1218 2040 1498 1527 1136 1937 1490 1898 1097 1079 1692 1072 1282 1818 
1086 1587 1491 1246 1458 1473 0 1951 1172 1778 1482 1552 1785 1481 1546 1273 1142 1954 1613 1286 1671 2044 1539 1753 1096 1105 1624 1103 2026 1245 1711 1382 
2006 1233 1734 1698 1301 1120 1951 0 1080 1353 1238 1553 1071 1485 1743 1125 1856 1891 1200 1160 1806 1381 1790 1177 1193 1368 1340 1390 1299 1797 1365 1604 
1064 1153 1741 2004 1384 1861 1172 1080 0 1705 1775 1927 1747 1468 1176 1849 1637 1151 1595 1835 1993 1668 1513 1484 1752 1265 1483 1175 1138 1837 1297 1319 
1310 1032 1548 1134 1331 1438 1778 1353 1705 0 1724 1825 2042 1626 1113 1045 1880 1555 1042 1244 1792 1249 1939 1262 1195 1789 1793 1702 1462 1267 1069 1392 
1542 1892 1531 1995 1251 1904 1482 1238 1775 1724 0 1112 1851 1025 1828 1264 1472 1844 1610 1443 1202 1048 1212 1324 1768 1557 1500 1917 1566 1062 1122 1897 
1271 1141 1884 1081 1517 1794 1552 1553 1927 1825 1112 0 1990 1207 1695 1537 1830 1986 1227 1450 1518 1474 1352 1133 1424 1664 1821 1364 1737 2036 1459 2041 
1988 1395 1777 1223 1750 1167 1785 1071 1747 2042 1851 1990 0 1243 1799 1190 2048 1965 1281 1980 2027 1665 1234 1277 1085 1396 1475 1636 1211 1054 1380 1977 
1669 1733 1259 1565 1124 1075 1481 1485 1468 1626 1025 1207 1243 0 1749 1506 1357 1268 1501 1333 1416 1989 1393 1189 1442 1857 1293 1561 1283 1351 1807 1874 
1823 1221 1765 1840 1311 1659 1546 1743 1176 1113 1828 1695 1799 1749 0 1051 1389 1683 1646 1325 1654 1204 1543 1524 1437 1247 1589 1732 1845 2005 1119 1093 
1890 1674 1157 1237 1101 2008 1273 1125 1849 1045 1264 1537 1190 1506 1051 0 1318 1358 1558 1650 1638 1129 1144 1276 1962 1166 1706 1252 1295 1082 1300 1532 
1780 1515 1409 1348 1718 1761 1142 1856 1637 1880 1472 1830 2048 1357 1389 1318 0 1936 1428 1070 1360 1359 1127 1433 1655 1764 1914 1648 1556 1159 1126 1810 
1866 1253 1201 1423 1334 1621 1954 1891 1151 1555 1844 1986 1965 1268 1683 1358 1936 0 1208 1316 1771 1162 1824 1363 1191 1550 1843 1859 1260 1061 1941 1110 
1206 1991 1816 1759 1033 1218 1613 1200 1595 1042 1610 1227 1281 1501 1646 1558 1428 1208 0 1512 2015 1274 1814 1452 1407 1156 1957 1754 1044 1731 1489 1217 
1254 1503 1449 1922 1554 2040 1286 1160 1835 1244 1443 1450 1980 1333 1325 1650 1070 1316 1512 0 1029 1885 1541 1833 1984 1404 1868 1413 1229 1339 1682 1786 
1585 1968 1403 2007 1230 1498 1671 1806 1993 1792 1202 1518 2027 1416 1654 1638 1360 1771 2015 1029 0 1779 1720 1088 1422 1188 1412 1601 1098 1417 1466 2033 
1900 1889 1616 1934 1985 1527 2044 1381 1668 1249 1048 1474 1665 1989 1204 1129 1359 1162 1274 1885 1779 0 1533 1987 1052 1781 1521 1567 1460 1439 1841 1691 
1800 1492 1379 1197 1371 1136 1539 1790 1513 1939 1212 1352 1234 1393 1543 1144 1127 1824 1814 1541 1720 1533 0 1545 1945 1871 1529 1979 1578 1322 1661 1338 
1535 1369 1425 1315 1263 1937 1753 1177 1484 1262 1324 1133 1277 1189 1524 1276 1433 1363 1452 1833 1088 1987 1545 0 1441 1877 1597 1337 1035 1185 1077 1298 
1345 1240 1373 1430 1888 1490 1096 1193 1752 1195 1768 1424 1085 1442 1437 1962 1655 1191 1407 1984 1422 1052 1945 1441 0 1976 1672 1886 1773 1225 1928 1046 
1328 1508 1617 1948 2003 1898 1105 1368 1265 1789 1557 1664 1396 1857 1247 1166 1764 1550 1156 1404 1188 1781 1871 1877 1976 0 1656 1679 1231 1590 1971 1593 
1644 1611 1525 1599 1236 1097 1624 1340 1483 1793 1500 1821 1475 1293 1589 1706 1914 1843 1957 1868 1412 1521 1529 1597 1672 1656 0 1114 1751 1909 1872 1107 
1078 1894 1375 1961 1564 1079 1103 1390 1175 1702 1917 1364 1636 1561 1732 1252 1648 1859 1754 1413 1601 1567 1979 1337 1886 1679 1114 0 1030 1708 1378 1911 
1908 1083 1581 1690 1502 1692 2026 1299 1138 1462 1566 1737 1211 1283 1845 1295 1556 1260 1044 1229 1098 1460 1578 1035 1773 1231 1751 1030 0 1573 1170 1043 
1632 1848 1879 1805 1867 1072 1245 1797 1837 1267 1062 2036 1054 1351 2005 1082 1159 1061 1731 1339 1417 1439 1322 1185 1225 1590 1909 1708 1573 0 1653 1454 
1893 1383 1471 1121 1386 1282 1711 1365 1297 1069 1122 1459 1380 1807 1119 1300 1126 1941 1489 1682 1466 1841 1661 1077 1928 1971 1872 1378 1170 1653 0 1410 
1652 1073 1846 1660 1863 1818 1382 1604 1319 1392 1897 2041 1977 1874 1093 1532 1810 1110 1217 1786 2033 1691 1338 1298 1046 1593 1107 1911 1043 1454 1410 0 
